Assignment: GS 540 HW5
Name: Serena Liu
Email: selenay@uw.edu
Language: Java
Runtime: 5 sec

Nucleotide Histogram:
A=1142742
C=1180091
G=1177437
N=0
T=1141382

Background Frequency:
A=0.2460
C=0.2540
G=0.2540
T=0.2460

Count Matrix:
-10 1436 299 2084 500
-9 1220 250 2411 438
-8 1577 349 1838 555
-7 1602 483 1409 825
-6 1464 630 1164 1061
-5 1448 768 893 1210
-4 1532 945 768 1074
-3 1813 786 987 733
-2 1124 1154 597 1444
-1 1169 1138 669 1343
0 3864 14 348 93
1 24 13 13 4269
2 14 24 4259 22
3 2127 684 871 637
4 1588 1225 715 791
5 1420 834 701 1364
6 1805 921 973 620
7 1826 835 566 1092
8 1335 831 904 1249
9 1525 1024 859 911
10 1322 935 548 1514

Frequency Matrix:
-10 0.3325 0.0692 0.4825 0.1158
-9 0.2825 0.0579 0.5582 0.1014
-8 0.3651 0.0808 0.4256 0.1285
-7 0.3709 0.1118 0.3262 0.1910
-6 0.3390 0.1459 0.2695 0.2457
-5 0.3353 0.1778 0.2068 0.2802
-4 0.3547 0.2188 0.1778 0.2487
-3 0.4198 0.1820 0.2285 0.1697
-2 0.2602 0.2672 0.1382 0.3343
-1 0.2707 0.2635 0.1549 0.3110
0 0.8947 0.0032 0.0806 0.0215
1 0.0056 0.0030 0.0030 0.9884
2 0.0032 0.0056 0.9861 0.0051
3 0.4925 0.1584 0.2017 0.1475
4 0.3677 0.2836 0.1655 0.1831
5 0.3288 0.1931 0.1623 0.3158
6 0.4179 0.2132 0.2253 0.1436
7 0.4228 0.1933 0.1310 0.2528
8 0.3091 0.1924 0.2093 0.2892
9 0.3531 0.2371 0.1989 0.2109
10 0.3061 0.2165 0.1269 0.3505

Weight Matrix:
-10 0.4344 -1.8751 0.9260 -1.0877
-9 0.1992 -2.1333 1.1363 -1.2787
-8 0.5695 -1.6520 0.7448 -0.9371
-7 0.5922 -1.1832 0.3613 -0.3652
-6 0.4622 -0.7999 0.0858 -0.0023
-5 0.4464 -0.5142 -0.2966 0.1873
-4 0.5277 -0.2149 -0.5142 0.0153
-3 0.7707 -0.4807 -0.1522 -0.5358
-2 0.0809 0.0733 -0.8775 0.4424
-1 0.1376 0.0532 -0.7133 0.3378
0 1.8624 -6.2918 -1.6562 -3.5143
1 -5.4685 -6.3987 -6.3987 2.0062
2 -6.2461 -5.5142 1.9572 -5.5941
3 1.0011 -0.6813 -0.3326 -0.7383
4 0.5795 0.1594 -0.6173 -0.4260
5 0.4182 -0.3952 -0.6458 0.3601
6 0.7643 -0.2521 -0.1728 -0.7774
7 0.7810 -0.3935 -0.9545 0.0393
8 0.3291 -0.4004 -0.2789 0.2331
9 0.5211 -0.0991 -0.3526 -0.2222
10 0.3150 -0.2303 -1.0011 0.5107

Maximum Score: 17.1171957283

Score Histogram CDS:
-24 2
-22 2
-20 2
-19 2
-18 4
-17 6
-16 5
-15 7
-14 5
-13 1
-12 3
-11 3
-10 3
-9 2
-8 2
-7 7
-6 3
-5 4
-4 4
-3 8
-2 7
-1 29
0 36
1 79
2 104
3 141
4 259
5 335
6 477
7 549
8 636
9 606
10 469
11 281
12 156
13 58
14 19
15 3

Score Histogram All:
-33 4
-32 65
-31 326
-30 1384
-29 4798
-28 13287
-27 30936
-26 60853
-25 106131
-24 164425
-23 232533
-22 302689
-21 369140
-20 426315
-19 470078
-18 502212
-17 526735
-16 543276
-15 551625
-14 551992
-13 539526
-12 514156
-11 478988
-10 433868
-9 389072
-8 347154
-7 308435
-6 273550
-5 237339
-4 202574
-3 167622
-2 134010
-1 103745
0 78670
1 59724
2 45784
3 34789
4 26111
5 18709
6 12851
7 8172
8 4673
9 2634
10 1341
11 617
12 233
13 84
14 25
15 4

Position List:
5088 0 11.9583
6594 0 10.6006
10617 0 10.3933
18721 0 10.2148
29400 1 10.9130
29613 0 10.9496
57255 0 11.6468
57633 1 11.3373
64295 1 11.0760
71980 1 13.4195
81486 1 10.5480
82794 1 10.3027
84263 1 12.2110
84289 1 10.0122
89101 0 10.1837
90895 0 10.5151
99822 1 10.4727
113244 0 12.4607
117476 0 10.1699
153857 0 10.6973
155115 0 11.8652
155397 0 10.2182
156963 0 11.1199
174600 1 10.2485
175897 1 10.4661
183503 1 13.0943
186075 0 12.3251
201095 1 11.0032
203808 0 10.2012
211530 0 10.6347
212057 1 10.8188
223701 0 10.9640
230930 1 10.1205
236213 1 10.6836
238297 1 10.8432
238533 0 10.2272
238558 0 11.6357
238684 0 11.6264
238790 1 11.0229
239084 1 10.1739
239190 0 10.3015
253239 0 13.3228
253240 1 10.2271
260106 1 10.0997
264792 1 10.0016
270186 1 10.1927
270519 0 10.6172
274001 1 10.1839
275081 1 11.4607
285308 0 10.5700
285410 0 10.4327
290370 1 12.2149
294097 1 10.0326
294209 0 11.4109
294351 1 10.6320
295212 0 10.3911
302115 0 10.6029
302862 0 11.4378
303422 1 11.0762
314920 1 13.3204
317302 1 10.1393
317463 0 11.2382
317560 0 10.4777
317577 1 12.3232
318404 1 10.5181
320144 0 10.2750
321381 0 10.5136
324766 0 10.4325
329154 1 10.2254
332669 0 10.5094
336629 1 11.9882
341263 0 10.6208
344327 0 10.0703
345229 0 10.7684
345509 0 11.1635
346593 0 10.0408
346930 1 10.4058
348566 1 10.4460
355071 1 12.8721
366394 0 10.0643
385014 0 10.3769
385104 1 10.0175
391029 0 10.3442
391407 0 10.2179
394591 0 11.6383
401179 1 11.4459
407235 1 11.1143
407871 0 10.3584
407905 1 11.0291
408947 0 12.4879
419305 1 10.6355
429049 1 11.6396
430935 0 10.9578
437405 1 10.8485
448889 1 10.7038
451312 0 11.6931
453747 1 10.5947
456502 1 10.4998
459476 0 10.5590
470058 1 12.2369
471416 1 10.6560
475131 0 10.1660
476293 1 12.7499
478154 0 10.5374
480143 1 11.0434
490150 1 10.3045
492208 1 10.5122
498636 1 10.9871
498742 0 10.2512
498941 0 15.2127
500126 1 10.0983
500752 0 12.1101
501175 0 14.3777
501538 1 13.3453
503332 0 10.2822
516526 0 10.1160
518363 1 10.0176
519110 1 11.5786
523202 1 12.0774
527222 0 12.1418
527614 1 10.3216
528430 0 10.0497
528701 1 10.6561
530438 0 11.9523
532973 1 11.3466
536371 0 11.2622
538731 0 10.7190
543512 1 10.1688
561165 0 10.2089
564456 1 10.7245
568244 0 10.6754
569878 0 10.2334
570647 0 10.3989
570930 1 11.9201
571206 0 11.4785
571499 0 10.0125
571902 0 11.0028
574637 1 10.1839
575717 1 11.4607
579234 0 10.6331
584016 0 10.3885
584252 0 11.2973
587681 1 10.0835
592344 1 11.7862
594221 1 10.6310
595527 1 10.6848
596696 0 10.5194
605658 1 13.2667
615958 1 10.0096
618079 0 10.0344
624841 0 11.4009
624851 1 10.3044
625603 0 10.3452
635364 1 10.7977
636683 0 10.5535
637647 1 11.2002
643323 0 10.0433
643361 0 10.6947
643419 1 11.8989
646557 1 10.9518
651805 1 10.2391
652133 0 10.5955
653471 0 11.2732
656033 0 13.0565
659492 1 11.5764
661041 1 10.4394
661594 0 10.9195
675467 1 10.0201
676150 1 10.2780
676769 0 10.1660
678939 0 11.3869
680396 0 11.1592
681560 0 10.2103
687219 1 10.8558
687897 1 10.1839
688977 1 11.4607
691198 1 10.1638
697135 1 10.0590
702845 1 10.4422
704229 0 10.1451
705975 1 13.3566
711464 0 10.6852
720315 1 10.1484
720467 1 11.2506
720822 1 11.4293
728922 0 10.5419
733520 0 10.6796
737773 0 10.3015
743018 1 10.2271
747743 1 10.2491
747784 1 10.0811
749532 1 10.0420
751547 1 10.9804
753916 0 10.0524
756088 0 10.7244
766044 0 10.7313
768798 0 10.1165
769572 0 11.4103
770513 0 10.2521
783344 1 12.0544
794752 1 10.3281
800106 0 10.4873
800131 1 10.0063
801904 0 10.7886
803453 1 10.6021
807478 0 10.2342
808823 0 10.1804
820197 1 11.9397
829653 1 11.1176
830809 1 12.4973
836205 1 10.2227
837826 1 11.7123
839730 1 10.3122
844063 0 10.2793
846474 1 11.7365
848223 0 10.6659
852200 1 10.2111
855941 1 10.6959
860117 0 10.1069
866363 0 11.1680
869615 0 11.0873
873064 1 10.5181
874972 0 10.1271
875387 1 10.0827
875711 0 10.0009
875912 0 10.1259
880775 1 10.9677
885224 1 10.4887
889569 0 11.7566
892891 1 10.3504
893564 0 10.5319
902565 1 11.7228
906421 0 14.1582
906825 0 10.1341
912185 1 10.2822
914835 0 10.5891
914953 0 11.7723
922740 0 11.5449
923768 0 10.5262
926055 0 11.5670
932119 0 10.0862
933897 0 10.2971
939131 0 10.0446
947358 1 10.3538
949585 1 10.2189
951799 1 11.2776
952441 1 10.3399
960630 0 10.1768
970019 0 10.1832
978889 0 10.2433
986854 0 10.0572
986998 1 10.9197
987176 0 11.2011
987378 0 11.9693
991512 1 11.2957
997859 0 10.0587
1000551 1 11.6582
1001574 0 10.6567
1005869 1 10.3570
1006242 1 10.7595
1008840 0 11.2828
1013123 0 10.9471
1013369 1 10.0937
1013673 0 10.4722
1023410 0 10.4488
1024032 0 11.5033
1024824 0 10.1559
1051114 0 11.2613
1051367 1 10.0231
1052218 0 10.1620
1053002 0 10.9071
1064109 0 10.2390
1064268 0 10.1793
1073957 1 10.0075
1078994 0 11.6327
1079024 0 10.4635
1084298 0 10.0272
1086422 0 10.4864
1086687 1 11.1345
1087611 0 11.4073
1087933 1 11.0981
1088822 1 10.0117
1092124 0 11.1486
1092431 0 10.4033
1093249 1 10.3068
1093426 0 10.7140
1093468 1 10.5505
1093480 1 10.3665
1099362 1 10.7297
1102419 0 10.9757
1103449 0 10.3847
1109693 0 10.1685
1110469 0 10.4360
1119165 0 11.5831
1119461 0 10.6010
1120942 1 11.2811
1121102 0 10.2157
1122781 1 10.4597
1122994 1 10.4105
1124194 0 10.0708
1125349 0 10.1038
1128737 0 10.1847
1128740 0 10.6941
1132575 1 10.2028
1134570 0 10.6812
1149743 1 10.2088
1151914 1 11.3159
1153188 1 10.9542
1157297 1 10.3680
1161248 1 10.1872
1161649 0 10.1200
1171405 1 10.0865
1176222 0 10.9990
1178393 1 10.4580
1180750 1 10.8493
1186077 1 11.2804
1187655 1 10.1511
1190544 0 10.4662
1192615 1 10.0505
1194921 1 11.3387
1196877 1 11.3304
1198287 1 11.6353
1198446 0 10.1823
1198972 0 10.1790
1199186 1 10.2791
1205556 1 11.0133
1211931 1 10.6366
1212153 0 10.3858
1212334 0 10.2900
1213703 0 12.5169
1213795 1 10.3633
1216155 1 11.9505
1218929 1 11.1163
1223304 1 11.1503
1223666 0 11.0218
1223738 0 10.8870
1224027 0 12.3370
1224165 0 11.0983
1228155 0 10.8838
1229814 0 10.9386
1234825 0 10.6078
1240260 0 11.1942
1244615 1 10.6321
1246347 1 11.1360
1250962 1 10.1098
1254512 1 10.2270
1255795 1 11.2577
1256013 0 10.0330
1268396 0 11.0571
1273944 0 10.1618
1278357 1 10.4006
1282255 0 10.0122
1290112 0 10.8910
1290317 1 11.9774
1292247 0 10.7262
1298644 1 10.3022
1299292 1 11.7123
1299567 0 11.4607
1300647 0 10.1839
1301986 0 10.5817
1303353 1 10.3524
1308755 0 10.3491
1309374 1 10.3056
1311080 0 10.4330
1313204 1 11.9129
1313960 1 10.0407
1319785 1 10.4191
1323458 0 11.5751
1324121 1 10.1098
1331960 0 10.3171
1333707 1 11.2196
1335465 1 10.3693
1335468 1 10.8449
1336929 0 10.0044
1337520 0 11.2837
1338145 0 10.1246
1338479 1 10.3349
1344640 0 10.9659
1344647 0 11.6798
1360960 0 10.6768
1361132 0 13.9586
1362377 0 10.0331
1362741 1 10.4082
1371408 0 10.5343
1374042 1 10.4247
1383556 0 10.0972
1386481 0 10.1481
1391390 1 10.6508
1391850 1 11.7092
1392453 0 10.0401
1392961 1 13.4497
1393492 0 10.7826
1394548 0 11.4532
1396112 0 11.4607
1397192 0 10.1839
1400575 0 11.2711
1404660 1 10.1027
1405852 0 10.3794
1409308 0 11.4597
1412929 1 10.1747
1413752 1 11.0547
1413939 1 10.2672
1415573 1 10.1588
1416233 1 10.9551
1418345 0 10.2854
1418747 1 10.0454
1424708 1 12.4343
1426734 0 10.0647
1433338 1 11.6149
1433731 0 13.1011
1433966 0 11.8489
1441685 1 10.4398
1448035 1 10.2129
1449863 1 11.0709
1455354 0 10.1593
1459057 0 10.0438
1464716 1 11.8774
1464920 0 10.0018
1465160 1 10.1102
1471159 0 10.0406
1475471 1 10.3435
1475700 0 10.1244
1475769 0 10.6930
1477424 0 11.5197
1477933 1 10.7454
1481596 0 10.4157
1483737 1 10.1096
1492321 1 10.5513
1492404 1 11.1228
1493817 0 10.1508
1499294 1 10.3258
1506367 1 11.0340
1507415 0 10.8854
1508140 0 11.1189
1513955 1 10.2813
1521199 1 10.5966
1523064 0 11.3056
1523208 0 11.5296
1526176 0 10.3374
1526941 1 10.7435
1527470 1 10.5524
1527687 0 11.1127
1529768 0 11.9811
1530097 0 12.1128
1530337 0 10.2771
1530482 0 12.3038
1531274 0 12.0416
1531532 0 12.2312
1532764 0 10.3015
1539086 1 11.9371
1544289 1 10.7413
1545071 1 10.0501
1546137 0 10.7625
1546150 0 11.2507
1546736 1 11.3989
1552729 1 11.4292
1563717 1 10.5827
1566002 0 10.0132
1567356 1 10.0453
1571102 0 10.6842
1575023 1 10.2426
1575190 1 13.9054
1579236 0 13.5013
1579542 0 10.2541
1579545 0 11.1220
1580165 0 10.0135
1582946 1 10.1700
1583655 0 11.0181
1587080 0 10.4065
1589025 1 10.7508
1590241 0 10.3843
1598147 0 10.6439
1606273 1 10.4277
1617961 0 10.0009
1618697 0 11.5587
1621274 1 11.8177
1624040 0 10.1569
1624361 1 10.7483
1626620 1 11.5015
1632241 0 10.2603
1632459 1 10.1345
1633227 0 10.7423
1633330 1 11.8489
1633565 1 13.1011
1633958 0 11.6149
1637407 1 10.6331
1637785 1 10.4447
1638183 1 12.3314
1639511 0 10.0734
1642122 0 11.5769
1644038 0 10.2949
1647675 1 10.5922
1648421 1 12.1807
1650049 1 10.1007
1651914 0 10.9544
1660147 1 11.3248
1671349 0 10.1555
1671938 1 11.7389
1676123 1 11.2017
1678320 0 12.7723
1679426 1 11.3875
1691618 1 10.8369
1692604 1 10.6285
1693255 1 10.0198
1696176 0 10.6049
1697049 1 10.2502
1698226 1 10.5033
1715886 1 14.5049
1717060 0 10.6024
1718389 1 13.6943
1719726 0 10.1439
1720702 0 10.0791
1721835 1 10.0065
1728309 1 10.7340
1734867 0 12.1570
1738465 0 10.9218
1742627 1 11.9256
1743326 0 10.8462
1745542 1 10.8560
1748354 1 10.9865
1748382 0 10.5389
1749638 0 10.3708
1751059 1 10.4118
1751426 1 10.8999
1753451 1 11.7810
1754653 0 10.2871
1756737 0 10.0306
1765795 1 10.2242
1767254 1 11.0100
1770405 1 10.4715
1771993 1 11.5799
1772758 0 10.0061
1778297 0 10.0899
1778657 0 10.7051
1785900 1 10.7141
1788313 1 10.0764
1788601 1 10.9888
1789586 1 10.2248
1791991 0 10.0933
1792121 1 10.5687
1800937 0 10.6642
1800938 1 11.4085
1801066 1 10.1905
1802699 0 11.2279
1804349 0 11.8197
1805986 0 10.9458
1812544 1 10.5854
1818538 1 11.1294
1818907 1 10.6771
1833567 1 10.5171
1833570 1 10.4185
1834452 0 10.4161
1836014 1 10.4219
1836155 0 10.0723
1842917 0 10.0489
1844137 1 10.2148
1850850 1 10.8237
1853969 1 10.3135
1854044 1 11.8911
1854180 0 11.8105
1857738 1 10.3338
1870599 1 10.0275
1872796 1 10.1707
1872948 1 10.3630
1878833 1 10.6937
1880023 1 11.1175
1880303 0 10.0915
1883486 1 10.4322
1893353 0 10.0169
1893821 1 10.3181
1898048 0 10.3677
1901350 0 11.3923
1907059 0 12.3212
1908000 0 11.6736
1908139 0 11.2894
1912029 1 10.4197
1912967 1 11.9253
1917369 1 10.5322
1921098 1 10.1518
1925569 1 10.9854
1929220 1 10.0427
1930426 0 11.2890
1936522 0 11.0777
1942319 1 10.2130
1957604 1 12.3755
1958939 1 11.1075
1962295 0 10.3653
1971374 1 12.2300
1971647 1 10.0070
1975033 1 10.9348
1980648 1 10.1071
1981148 0 10.9798
1982664 1 10.8229
1988731 0 10.1013
1995620 1 10.3313
1995655 0 11.9560
1996165 1 10.4943
2005645 0 10.3095
2011335 1 11.4241
2012051 1 12.0093
2021776 1 10.1671
2022800 1 10.5060
2029400 0 11.9283
2030727 0 10.0092
2033126 1 11.5639
2033668 1 10.3057
2033852 1 11.3473
2034021 0 10.2188
2036552 0 10.6471
2036830 0 10.2841
2038685 0 10.7146
2038822 0 10.8318
2038833 0 10.4102
2039004 1 11.1473
2042022 1 10.2422
2042035 1 10.8588
2044094 1 10.7245
2044972 0 10.8100
2046922 0 12.5870
2047926 0 10.0691
2053234 0 11.3906
2053422 1 11.1425
2057452 0 10.1551
2059428 0 10.5148
2061132 0 10.8763
2066205 1 10.1839
2067285 1 11.4607
2068579 0 12.6097
2076085 0 11.7056
2077051 0 10.2976
2077536 1 10.4753
2081872 1 12.4285
2082598 0 10.1126
2096265 0 10.0350
2101795 1 10.1839
2102875 1 11.4607
2103785 1 10.3541
2104340 0 10.9247
2105483 1 12.4730
2106100 0 11.8043
2106143 1 11.2773
2106153 0 10.2866
2106163 0 12.0517
2106188 0 13.1071
2106255 0 10.4152
2107240 1 11.1854
2108669 0 10.9216
2108928 0 11.1319
2109155 1 10.0696
2110178 1 10.2539
2115193 1 11.4326
2125046 0 10.5402
2129822 1 10.1557
2137228 1 10.3840
2137552 0 10.3027
2145979 0 11.4697
2146386 0 10.3529
2151081 0 11.6966
2153700 0 11.9951
2153945 1 11.0120
2160132 0 10.1237
2165355 0 12.3468
2167213 0 10.0712
2168066 1 11.4824
2169548 1 10.1608
2169772 0 11.2354
2174211 0 13.0061
2177294 0 11.4193
2180010 1 11.7008
2183262 0 10.6925
2184960 0 10.9822
2186290 0 10.5594
2189271 1 11.8986
2190990 1 11.5123
2191047 1 11.3559
2191107 1 10.9533
2191600 1 10.1012
2203329 1 10.8773
2204572 1 10.1309
2208783 0 11.4944
2211041 0 10.3936
2211633 0 10.4632
2233302 1 11.2858
2250531 1 10.4059
2251562 1 11.6429
2259232 1 11.2062
2270733 1 10.0038
2275068 1 10.1000
2286069 0 12.0541
2286494 0 10.5460
2288965 1 10.1839
2290045 1 11.4607
2290683 0 10.5906
2294989 1 10.4143
2302428 1 10.8400
2307083 0 11.5713
2309051 0 11.4280
2314883 0 11.2295
2320623 1 10.0526
2344363 0 10.9442
2344364 1 10.4370
2349687 0 10.2435
2357275 1 10.8040
2357633 0 11.5308
2357816 0 11.5308
2360004 1 10.9111
2364350 0 10.3118
2364523 1 10.4125
2368032 0 10.6588
2369060 0 10.5878
2382322 0 10.7013
2388710 1 10.6294
2393743 0 10.5381
2406762 0 10.2057
2408189 0 11.7975
2414542 0 10.0580
2416977 1 10.6628
2419785 1 11.1635
2422810 1 10.7227
2422926 1 11.1066
2423086 0 11.6855
2423847 0 11.6746
2423897 1 10.2769
2426907 1 11.1943
2438070 0 11.5918
2450227 1 11.7437
2451569 1 12.3772
2452642 1 10.4481
2453543 1 10.0752
2455481 1 10.8878
2455975 0 11.1877
2459078 1 11.5975
2463079 0 11.7556
2463376 0 10.1795
2464021 0 11.2006
2464148 1 11.3609
2469506 1 10.8517
2469719 1 12.3220
2470217 1 10.6310
2474891 0 10.1877
2476358 0 10.6680
2478084 0 11.5694
2478508 0 10.6572
2480501 0 12.2167
2480768 1 12.1782
2480780 1 11.4548
2484070 0 11.6998
2484239 0 11.0666
2485792 1 11.0870
2486176 1 10.7965
2487692 0 10.0967
2489158 1 10.4410
2489244 0 10.4224
2492234 1 11.4973
2493452 0 12.7774
2494065 0 10.5484
2494767 1 10.6956
2495189 0 10.3237
2498496 1 10.4744
2502111 1 10.5965
2508282 0 10.9300
2515963 1 10.0777
2517084 0 11.0281
2517087 0 11.5374
2518452 0 10.1871
2519110 0 11.1611
2520792 1 10.4250
2521928 0 10.1210
2522769 1 10.2168
2524269 1 10.2286
2528777 1 10.2666
2532304 1 10.2586
2534079 1 10.4758
2538863 1 10.2956
2543754 0 10.7322
2560371 0 10.4275
2562199 0 10.5141
2562815 0 11.0148
2563053 0 10.2286
2563884 0 11.0993
2567177 1 10.4761
2572109 0 12.5793
2574712 1 12.7712
2576696 1 11.7539
2578740 1 10.0859
2578847 0 10.0232
2579210 0 10.1530
2591087 0 11.8216
2591493 0 10.2306
2592541 0 10.2525
2595964 0 10.4152
2602169 0 10.9300
2614514 1 10.4568
2615790 0 11.2030
2627364 0 10.6017
2628655 0 12.7361
2629118 1 10.1843
2629131 1 10.0306
2629575 1 10.9886
2629795 0 11.8175
2640601 0 10.3105
2662699 1 11.8071
2673676 0 10.3857
2673988 0 12.2114
2679277 1 11.0007
2695540 1 10.3037
2699315 1 10.1100
2701748 1 11.3477
2704283 1 10.1596
2705582 1 10.7202
2712763 0 10.4487
2720245 1 10.7341
2731227 1 10.9640
2732030 0 10.3792
2741251 1 10.2162
2741363 0 13.2259
2741766 1 11.4684
2742386 0 11.4467
2750654 1 11.5621
2754725 1 11.4626
2756789 0 10.0688
2757696 1 10.1351
2758497 1 10.1410
2759307 0 10.8523
2759880 0 10.2802
2760382 1 10.4349
2761108 0 10.2558
2765195 0 11.2850
2771924 0 10.8576
2773478 0 10.6593
2773684 0 10.2565
2773955 0 10.1120
2773979 0 11.8546
2774379 1 10.1330
2774405 0 10.5015
2774979 1 10.0970
2777911 0 10.7007
2782547 0 10.1978
2783027 1 11.2371
2783855 1 10.5136
2784176 0 10.1560
2784950 1 14.6564
2785495 0 10.7353
2787014 0 11.0310
2787825 0 10.1813
2788802 1 10.6650
2798755 0 10.3658
2798983 0 10.0277
2799891 1 12.5757
2801562 0 10.5728
2804993 1 10.1274
2818848 0 10.8615
2819228 0 11.4351
2825552 0 10.4731
2832351 1 10.8588
2832374 1 10.6064
2835277 0 10.8586
2839376 0 10.5866
2851800 1 10.5323
2856460 1 11.3449
2856863 0 10.1865
2859831 1 10.1080
2863594 1 10.2555
2864264 1 12.0421
2864691 1 10.5210
2872740 0 10.1180
2877362 0 10.5846
2881305 1 10.3239
2882119 0 10.5776
2884401 0 10.1439
2887008 0 11.6837
2887918 1 10.3030
2894375 1 10.4547
2900742 0 10.8422
2903649 1 10.4797
2905591 0 12.0009
2906393 1 10.7693
2909758 1 10.2341
2915362 1 10.7573
2918176 1 10.8823
2918799 1 11.0181
2924595 0 10.6937
2930692 0 10.0243
2930878 0 10.5336
2934487 0 11.6358
2935674 0 11.5963
2950577 0 11.2423
2957110 0 10.6562
2959608 1 10.0216
2970145 0 12.3172
2983004 0 12.7676
2987131 1 10.7817
2987140 1 10.8619
2989930 0 10.1001
2992037 1 10.1645
2992118 1 11.6799
2994344 0 10.4945
2995193 0 12.6355
2995440 0 14.0746
2995745 1 11.9790
2997843 1 10.6573
2998725 0 11.1163
3000475 0 10.3864
3003927 0 10.3076
3006265 0 10.7352
3015665 0 10.2514
3016072 0 10.1398
3025483 1 10.5825
3027254 1 11.3255
3028201 1 11.1171
3031154 0 11.2825
3031167 0 11.2524
3033010 1 10.4251
3034346 1 10.4727
3038357 1 12.5272
3040997 0 10.7341
3049112 1 10.0514
3050958 0 10.3545
3051004 0 10.7264
3064054 0 10.4301
3074622 1 10.3628
3079029 0 10.1983
3087315 0 10.0694
3088054 1 12.6885
3090701 0 11.0817
3093197 1 10.0537
3097558 0 11.0606
3103504 0 10.1392
3114836 1 10.0372
3116925 1 11.4988
3119550 0 10.4468
3124373 1 11.2822
3127182 0 10.2095
3130104 0 11.3937
3130214 0 11.4607
3131294 0 10.1839
3155294 0 12.1890
3168114 1 13.3217
3177820 0 10.1388
3179578 1 10.4848
3182434 1 10.9709
3184319 1 10.3679
3185378 1 10.7976
3190815 0 10.0685
3190969 0 11.4835
3193058 1 10.2513
3203786 0 11.6220
3206334 1 11.7151
3206533 1 10.0819
3208223 1 10.2114
3209697 1 10.2035
3218182 1 10.3421
3228381 0 10.8065
3236382 1 11.3969
3236850 0 10.3292
3247852 1 10.0862
3249078 0 10.1010
3256969 1 11.3650
3262232 1 11.0830
3263170 1 10.7566
3263906 0 10.1594
3264365 0 13.0508
3267596 1 11.6346
3268146 0 11.6279
3268931 0 11.2311
3269226 0 10.0721
3269328 0 10.6146
3272709 1 12.8886
3272757 1 10.1880
3277197 0 10.9279
3277674 0 10.6812
3278786 1 11.5962
3298160 0 12.6419
3301573 0 10.2686
3312823 1 10.1125
3315522 1 10.1034
3317411 1 12.3937
3318328 0 10.8022
3318552 0 10.6494
3320744 0 10.9833
3323218 1 10.1020
3325027 1 10.2429
3345800 0 10.0849
3346588 0 10.1062
3361175 1 10.2759
3362947 1 12.4001
3363117 0 10.8846
3365602 1 10.1839
3366682 1 11.4607
3366933 0 10.9619
3368497 0 10.7158
3373698 1 10.0409
3374879 1 11.3377
3385321 0 10.0148
3386003 1 10.0801
3386186 0 11.5342
3389071 0 10.8591
3394704 1 10.1838
3396762 0 10.5416
3397888 1 10.0530
3402890 0 10.6016
3406340 0 11.3509
3410269 1 10.6783
3412979 1 10.4697
3413742 1 11.8256
3418284 1 14.0792
3428832 1 10.9640
3429970 1 10.3367
3432669 0 10.8770
3443529 0 11.2468
3446007 1 10.9162
3447813 1 11.2266
3455804 0 10.4946
3456850 1 11.5030
3463944 1 11.0937
3464080 1 10.1745
3464602 1 10.1061
3467082 0 13.6893
3468804 0 10.5912
3469717 1 10.7029
3479173 1 10.8652
3482999 0 10.9805
3484465 0 10.0419
3494804 1 11.4872
3499846 1 10.6495
3500943 1 11.8549
3504031 1 10.2067
3507250 0 10.4560
3508543 0 10.1398
3514672 1 10.1833
3519520 1 10.3928
3527043 0 11.2662
3531761 0 10.6745
3539850 1 10.2040
3543780 0 10.2481
3543896 0 11.0184
3555228 0 10.4445
3564890 0 10.3216
3569890 1 10.5556
3573942 1 10.4684
3581730 1 13.5098
3583024 0 10.8583
3583077 0 11.1209
3583348 0 10.4216
3584404 0 10.2047
3587538 0 10.3727
3595880 0 10.3190
3597264 0 10.5389
3599961 1 11.4533
3601225 0 10.6820
3611663 0 12.1152
3612759 1 10.9737
3613604 0 10.7925
3613627 1 12.2978
3617573 0 12.9580
3625326 0 10.3015
3632602 1 10.5632
3632714 0 10.1466
3633721 1 11.7010
3640914 1 11.7051
3646141 0 11.3546
3650159 0 10.3778
3651275 0 11.4645
3651655 0 10.5427
3652082 1 10.1839
3653162 1 11.4607
3653254 1 10.4966
3653806 1 10.4548
3654827 0 10.4757
3654844 1 11.4420
3654891 1 11.4646
3658319 0 11.2591
3658673 0 10.3954
3658760 0 12.5808
3662124 0 10.1922
3665567 0 10.1157
3665630 0 11.5658
3666637 0 10.6842
3672821 1 10.0557
3674938 1 10.5220
3680563 1 11.5969
3681145 1 10.1896
3682110 0 10.9529
3696175 1 10.9444
3696720 0 10.2042
3700637 0 10.0240
3701450 1 10.1590
3709788 0 11.3931
3719163 0 11.4637
3719839 0 11.3189
3727313 0 10.3627
3730942 0 10.3716
3733952 1 10.8976
3734800 0 10.1097
3742227 0 10.1670
3742517 1 10.9282
3745008 0 10.3356
3746019 1 10.6391
3749520 0 10.0861
3754351 0 13.5665
3768312 0 10.4890
3770225 1 10.0251
3792722 0 11.1917
3792758 0 10.1190
3792761 0 11.8728
3792965 0 10.7030
3797846 1 11.6995
3798678 0 12.2436
3798847 0 11.7058
3799172 0 10.1212
3799383 1 10.2949
3803810 1 10.0452
3803969 0 11.0262
3804216 1 10.4997
3805071 1 10.0161
3808479 0 11.6857
3810641 1 10.1648
3818657 0 10.6501
3819830 0 10.1682
3821604 1 10.2515
3836699 1 10.0964
3840563 1 10.4950
3843782 1 11.5825
3843953 0 11.2309
3853052 0 12.2341
3859779 1 11.1462
3861591 1 10.3750
3872062 1 10.1757
3875321 0 12.2648
3875610 0 11.3544
3875901 0 10.3013
3876307 1 10.2398
3876487 1 10.1103
3879837 1 11.3513
3884026 0 11.8782
3888282 1 10.4117
3897236 0 10.4449
3904939 0 12.2368
3904952 0 10.2946
3906752 0 10.4058
3918702 1 10.0611
3924075 1 12.5109
3933229 1 11.9549
3936284 0 12.4802
3941738 0 10.9640
3949728 1 10.5280
3960297 1 11.0830
3972911 1 10.3117
3997117 1 10.5246
4001411 1 10.2868
4002630 0 11.2689
4003111 0 11.0042
4004799 0 11.3203
4010384 1 11.6415
4018006 0 10.0653
4021922 1 10.0346
4024823 0 11.5019
4035461 0 10.9640
4041418 1 10.6578
4043640 0 10.3432
4045626 1 11.3901
4046690 1 10.4889
4049830 0 10.7393
4056858 1 11.0460
4061230 1 10.3098
4061425 1 10.5935
4063947 0 11.0191
4064090 1 10.2444
4070258 0 10.0529
4072655 1 11.1036
4078705 1 11.8770
4078780 1 10.2151
4079106 1 10.6218
4079148 0 10.7281
4079506 0 10.9012
4079969 0 11.4753
4079982 0 10.7483
4081652 0 10.3427
4087788 0 10.6415
4088035 0 10.1781
4093059 0 10.4565
4106091 0 10.4730
4107317 1 10.2873
4107524 1 10.7442
4110349 1 11.6069
4112700 0 12.4370
4113096 0 11.1218
4124570 0 10.8103
4132540 1 11.2480
4154896 0 10.5109
4156016 0 10.7796
4158273 0 10.8499
4166589 0 10.9640
4172277 0 10.3080
4177233 1 11.7040
4202240 1 10.0593
4208077 0 10.9640
4214142 1 11.2783
4215318 1 12.8086
4216936 0 10.2216
4221230 1 10.2662
4222279 0 13.0185
4222552 0 10.9368
4223667 1 11.1211
4230297 1 10.4790
4231703 1 13.1307
4245354 1 11.1110
4247954 0 11.0244
4247974 0 10.7445
4250889 0 10.6321
4251281 1 12.2794
4252608 0 11.3100
4253823 0 10.9978
4257772 1 10.2070
4257848 1 11.6151
4259643 1 11.6795
4260993 0 11.2373
4267001 1 10.4105
4269881 1 10.3440
4273942 0 10.9651
4276416 0 10.9524
4279935 1 10.1218
4280412 0 10.7952
4282526 1 10.5467
4282861 1 10.1108
4283122 1 10.0218
4288862 0 10.3531
4289426 0 10.1642
4294197 0 10.9556
4294273 1 10.4908
4297172 0 10.1816
4298073 1 10.8838
4305421 1 12.4858
4306787 0 10.7303
4311688 1 10.8344
4313829 0 10.7397
4335792 0 10.0273
4338022 0 12.2062
4340063 0 10.2343
4352635 1 10.6508
4352638 1 10.7260
4360228 0 10.1383
4361687 1 11.2927
4365101 0 10.8718
4374414 0 10.2219
4382883 0 10.0203
4383977 1 12.1137
4394081 0 11.5630
4398368 1 10.3470
4404936 0 10.3746
4415735 1 11.1619
4419883 1 10.3398
4424657 0 10.8549
4427154 1 10.5734
4427803 0 10.6600
4438326 0 10.1046
4449740 1 10.1244
4465105 0 11.0680
4466177 1 11.0446
4475688 1 10.2920
4475720 0 10.2724
4475746 0 11.0701
4475747 1 11.0986
4475912 0 10.4283
4476425 0 13.0092
4476443 0 10.8079
4476663 1 11.0009
4476901 0 10.0583
4477088 0 10.9019
4477351 1 10.6169
4478294 0 12.0229
4478374 1 10.1264
4480301 1 10.9252
4482306 0 10.1382
4490513 0 11.4006
4494188 0 10.0095
4494241 1 10.3364
4494324 1 11.2592
4496934 0 10.1162
4502363 1 11.4758
4504931 1 10.6667
4505909 0 10.3131
4506243 1 11.0567
4518337 1 11.8712
4520035 1 10.6917
4531848 0 10.0949
4535985 0 10.4100
4536867 1 10.3547
4537954 1 10.8661
4541673 1 10.5008
4541751 1 10.6038
4542864 1 11.5790
4544485 0 11.1704
4544488 0 10.2551
4545717 1 10.3612
4555410 0 10.7463
4556913 0 12.0252
4557119 1 10.4566
4562694 1 10.4242
4563758 1 10.5609
4569730 0 10.5692
4572210 1 10.0489
4578117 0 10.8190
4586758 1 10.4526
4590762 0 10.8145
4591529 0 10.6760
4591600 1 11.0651
4595129 0 10.1566
4595136 0 10.8699
4600186 1 10.4474
4602525 0 10.8018
4603233 1 11.9867
4603692 1 10.3007
4604531 1 11.7344
4609466 1 11.4981
4621677 1 12.6740
4628581 0 10.0331
4636967 0 10.3107
