[(0, 0, 0), (0, 0, 0), 'AXA']
[(0, 0, 0), (0, 0, 1), 'AXB']
[(0, 0, 0), (0, 1, 0), 'AYA']
[(0, 0, 0), (0, 1, 1), 'AYB']
[(0, 0, 0), (1, 0, 0), 'BXA']
[(0, 0, 0), (1, 0, 1), 'BXB']
[(0, 0, 0), (1, 1, 0), 'BYA']
[(0, 0, 0), (1, 1, 1), 'BYB']
[(0, 0, 1), (0, 0, 1), 'AXB']
[(0, 0, 1), (0, 0, 2), 'AXC']
[(0, 0, 1), (0, 1, 1), 'AYB']
[(0, 0, 1), (0, 1, 2), 'AYC']
[(0, 0, 1), (1, 0, 1), 'BXB']
[(0, 0, 1), (1, 0, 2), 'BXC']
[(0, 0, 1), (1, 1, 1), 'BYB']
[(0, 0, 1), (1, 1, 2), 'BYC']
[(0, 0, 2), (0, 0, 2), 'AXC']
[(0, 0, 2), (0, 0, 3), 'AXD']
[(0, 0, 2), (0, 1, 2), 'AYC']
[(0, 0, 2), (0, 1, 3), 'AYD']
[(0, 0, 2), (1, 0, 2), 'BXC']
[(0, 0, 2), (1, 0, 3), 'BXD']
[(0, 0, 2), (1, 1, 2), 'BYC']
[(0, 0, 2), (1, 1, 3), 'BYD']
[(0, 0, 3), (0, 0, 3), 'AXD']
[(0, 0, 3), (0, 0, 4), 'AX-']
[(0, 0, 3), (0, 1, 3), 'AYD']
[(0, 0, 3), (0, 1, 4), 'AY-']
[(0, 0, 3), (1, 0, 3), 'BXD']
[(0, 0, 3), (1, 0, 4), 'BX-']
[(0, 0, 3), (1, 1, 3), 'BYD']
[(0, 0, 3), (1, 1, 4), 'BY-']
[(0, 0, 4), (0, 0, 4), 'AX-']
[(0, 0, 4), (0, 0, 5), 'AX-']
[(0, 0, 4), (0, 1, 4), 'AY-']
[(0, 0, 4), (0, 1, 5), 'AY-']
[(0, 0, 4), (1, 0, 4), 'BX-']
[(0, 0, 4), (1, 0, 5), 'BX-']
[(0, 0, 4), (1, 1, 4), 'BY-']
[(0, 0, 4), (1, 1, 5), 'BY-']
[(0, 1, 0), (0, 1, 0), 'AYA']
[(0, 1, 0), (0, 1, 1), 'AYB']
[(0, 1, 0), (0, 2, 0), 'AZA']
[(0, 1, 0), (0, 2, 1), 'AZB']
[(0, 1, 0), (1, 1, 0), 'BYA']
[(0, 1, 0), (1, 1, 1), 'BYB']
[(0, 1, 0), (1, 2, 0), 'BZA']
[(0, 1, 0), (1, 2, 1), 'BZB']
[(0, 1, 1), (0, 1, 1), 'AYB']
[(0, 1, 1), (0, 1, 2), 'AYC']
[(0, 1, 1), (0, 2, 1), 'AZB']
[(0, 1, 1), (0, 2, 2), 'AZC']
[(0, 1, 1), (1, 1, 1), 'BYB']
[(0, 1, 1), (1, 1, 2), 'BYC']
[(0, 1, 1), (1, 2, 1), 'BZB']
[(0, 1, 1), (1, 2, 2), 'BZC']
[(0, 1, 2), (0, 1, 2), 'AYC']
[(0, 1, 2), (0, 1, 3), 'AYD']
[(0, 1, 2), (0, 2, 2), 'AZC']
[(0, 1, 2), (0, 2, 3), 'AZD']
[(0, 1, 2), (1, 1, 2), 'BYC']
[(0, 1, 2), (1, 1, 3), 'BYD']
[(0, 1, 2), (1, 2, 2), 'BZC']
[(0, 1, 2), (1, 2, 3), 'BZD']
[(0, 1, 3), (0, 1, 3), 'AYD']
[(0, 1, 3), (0, 1, 4), 'AY-']
[(0, 1, 3), (0, 2, 3), 'AZD']
[(0, 1, 3), (0, 2, 4), 'AZ-']
[(0, 1, 3), (1, 1, 3), 'BYD']
[(0, 1, 3), (1, 1, 4), 'BY-']
[(0, 1, 3), (1, 2, 3), 'BZD']
[(0, 1, 3), (1, 2, 4), 'BZ-']
[(0, 1, 4), (0, 1, 4), 'AY-']
[(0, 1, 4), (0, 1, 5), 'AY-']
[(0, 1, 4), (0, 2, 4), 'AZ-']
[(0, 1, 4), (0, 2, 5), 'AZ-']
[(0, 1, 4), (1, 1, 4), 'BY-']
[(0, 1, 4), (1, 1, 5), 'BY-']
[(0, 1, 4), (1, 2, 4), 'BZ-']
[(0, 1, 4), (1, 2, 5), 'BZ-']
[(0, 2, 0), (0, 2, 0), 'AZA']
[(0, 2, 0), (0, 2, 1), 'AZB']
[(0, 2, 0), (0, 3, 0), 'A-A']
[(0, 2, 0), (0, 3, 1), 'A-B']
[(0, 2, 0), (1, 2, 0), 'BZA']
[(0, 2, 0), (1, 2, 1), 'BZB']
[(0, 2, 0), (1, 3, 0), 'B-A']
[(0, 2, 0), (1, 3, 1), 'B-B']
[(0, 2, 1), (0, 2, 1), 'AZB']
[(0, 2, 1), (0, 2, 2), 'AZC']
[(0, 2, 1), (0, 3, 1), 'A-B']
[(0, 2, 1), (0, 3, 2), 'A-C']
[(0, 2, 1), (1, 2, 1), 'BZB']
[(0, 2, 1), (1, 2, 2), 'BZC']
[(0, 2, 1), (1, 3, 1), 'B-B']
[(0, 2, 1), (1, 3, 2), 'B-C']
[(0, 2, 2), (0, 2, 2), 'AZC']
[(0, 2, 2), (0, 2, 3), 'AZD']
[(0, 2, 2), (0, 3, 2), 'A-C']
[(0, 2, 2), (0, 3, 3), 'A-D']
[(0, 2, 2), (1, 2, 2), 'BZC']
[(0, 2, 2), (1, 2, 3), 'BZD']
[(0, 2, 2), (1, 3, 2), 'B-C']
[(0, 2, 2), (1, 3, 3), 'B-D']
[(0, 2, 3), (0, 2, 3), 'AZD']
[(0, 2, 3), (0, 2, 4), 'AZ-']
[(0, 2, 3), (0, 3, 3), 'A-D']
[(0, 2, 3), (0, 3, 4), 'A--']
[(0, 2, 3), (1, 2, 3), 'BZD']
[(0, 2, 3), (1, 2, 4), 'BZ-']
[(0, 2, 3), (1, 3, 3), 'B-D']
[(0, 2, 3), (1, 3, 4), 'B--']
[(0, 2, 4), (0, 2, 4), 'AZ-']
[(0, 2, 4), (0, 2, 5), 'AZ-']
[(0, 2, 4), (0, 3, 4), 'A--']
[(0, 2, 4), (0, 3, 5), 'A--']
[(0, 2, 4), (1, 2, 4), 'BZ-']
[(0, 2, 4), (1, 2, 5), 'BZ-']
[(0, 2, 4), (1, 3, 4), 'B--']
[(0, 2, 4), (1, 3, 5), 'B--']
[(0, 3, 0), (0, 3, 0), 'A-A']
[(0, 3, 0), (0, 3, 1), 'A-B']
[(0, 3, 0), (0, 4, 0), 'A-A']
[(0, 3, 0), (0, 4, 1), 'A-B']
[(0, 3, 0), (1, 3, 0), 'B-A']
[(0, 3, 0), (1, 3, 1), 'B-B']
[(0, 3, 0), (1, 4, 0), 'B-A']
[(0, 3, 0), (1, 4, 1), 'B-B']
[(0, 3, 1), (0, 3, 1), 'A-B']
[(0, 3, 1), (0, 3, 2), 'A-C']
[(0, 3, 1), (0, 4, 1), 'A-B']
[(0, 3, 1), (0, 4, 2), 'A-C']
[(0, 3, 1), (1, 3, 1), 'B-B']
[(0, 3, 1), (1, 3, 2), 'B-C']
[(0, 3, 1), (1, 4, 1), 'B-B']
[(0, 3, 1), (1, 4, 2), 'B-C']
[(0, 3, 2), (0, 3, 2), 'A-C']
[(0, 3, 2), (0, 3, 3), 'A-D']
[(0, 3, 2), (0, 4, 2), 'A-C']
[(0, 3, 2), (0, 4, 3), 'A-D']
[(0, 3, 2), (1, 3, 2), 'B-C']
[(0, 3, 2), (1, 3, 3), 'B-D']
[(0, 3, 2), (1, 4, 2), 'B-C']
[(0, 3, 2), (1, 4, 3), 'B-D']
[(0, 3, 3), (0, 3, 3), 'A-D']
[(0, 3, 3), (0, 3, 4), 'A--']
[(0, 3, 3), (0, 4, 3), 'A-D']
[(0, 3, 3), (0, 4, 4), 'A--']
[(0, 3, 3), (1, 3, 3), 'B-D']
[(0, 3, 3), (1, 3, 4), 'B--']
[(0, 3, 3), (1, 4, 3), 'B-D']
[(0, 3, 3), (1, 4, 4), 'B--']
[(0, 3, 4), (0, 3, 4), 'A--']
[(0, 3, 4), (0, 3, 5), 'A--']
[(0, 3, 4), (0, 4, 4), 'A--']
[(0, 3, 4), (0, 4, 5), 'A--']
[(0, 3, 4), (1, 3, 4), 'B--']
[(0, 3, 4), (1, 3, 5), 'B--']
[(0, 3, 4), (1, 4, 4), 'B--']
[(0, 3, 4), (1, 4, 5), 'B--']
[(1, 0, 0), (1, 0, 0), 'BXA']
[(1, 0, 0), (1, 0, 1), 'BXB']
[(1, 0, 0), (1, 1, 0), 'BYA']
[(1, 0, 0), (1, 1, 1), 'BYB']
[(1, 0, 0), (2, 0, 0), 'CXA']
[(1, 0, 0), (2, 0, 1), 'CXB']
[(1, 0, 0), (2, 1, 0), 'CYA']
[(1, 0, 0), (2, 1, 1), 'CYB']
[(1, 0, 1), (1, 0, 1), 'BXB']
[(1, 0, 1), (1, 0, 2), 'BXC']
[(1, 0, 1), (1, 1, 1), 'BYB']
[(1, 0, 1), (1, 1, 2), 'BYC']
[(1, 0, 1), (2, 0, 1), 'CXB']
[(1, 0, 1), (2, 0, 2), 'CXC']
[(1, 0, 1), (2, 1, 1), 'CYB']
[(1, 0, 1), (2, 1, 2), 'CYC']
[(1, 0, 2), (1, 0, 2), 'BXC']
[(1, 0, 2), (1, 0, 3), 'BXD']
[(1, 0, 2), (1, 1, 2), 'BYC']
[(1, 0, 2), (1, 1, 3), 'BYD']
[(1, 0, 2), (2, 0, 2), 'CXC']
[(1, 0, 2), (2, 0, 3), 'CXD']
[(1, 0, 2), (2, 1, 2), 'CYC']
[(1, 0, 2), (2, 1, 3), 'CYD']
[(1, 0, 3), (1, 0, 3), 'BXD']
[(1, 0, 3), (1, 0, 4), 'BX-']
[(1, 0, 3), (1, 1, 3), 'BYD']
[(1, 0, 3), (1, 1, 4), 'BY-']
[(1, 0, 3), (2, 0, 3), 'CXD']
[(1, 0, 3), (2, 0, 4), 'CX-']
[(1, 0, 3), (2, 1, 3), 'CYD']
[(1, 0, 3), (2, 1, 4), 'CY-']
[(1, 0, 4), (1, 0, 4), 'BX-']
[(1, 0, 4), (1, 0, 5), 'BX-']
[(1, 0, 4), (1, 1, 4), 'BY-']
[(1, 0, 4), (1, 1, 5), 'BY-']
[(1, 0, 4), (2, 0, 4), 'CX-']
[(1, 0, 4), (2, 0, 5), 'CX-']
[(1, 0, 4), (2, 1, 4), 'CY-']
[(1, 0, 4), (2, 1, 5), 'CY-']
[(1, 1, 0), (1, 1, 0), 'BYA']
[(1, 1, 0), (1, 1, 1), 'BYB']
[(1, 1, 0), (1, 2, 0), 'BZA']
[(1, 1, 0), (1, 2, 1), 'BZB']
[(1, 1, 0), (2, 1, 0), 'CYA']
[(1, 1, 0), (2, 1, 1), 'CYB']
[(1, 1, 0), (2, 2, 0), 'CZA']
[(1, 1, 0), (2, 2, 1), 'CZB']
[(1, 1, 1), (1, 1, 1), 'BYB']
[(1, 1, 1), (1, 1, 2), 'BYC']
[(1, 1, 1), (1, 2, 1), 'BZB']
[(1, 1, 1), (1, 2, 2), 'BZC']
[(1, 1, 1), (2, 1, 1), 'CYB']
[(1, 1, 1), (2, 1, 2), 'CYC']
[(1, 1, 1), (2, 2, 1), 'CZB']
[(1, 1, 1), (2, 2, 2), 'CZC']
[(1, 1, 2), (1, 1, 2), 'BYC']
[(1, 1, 2), (1, 1, 3), 'BYD']
[(1, 1, 2), (1, 2, 2), 'BZC']
[(1, 1, 2), (1, 2, 3), 'BZD']
[(1, 1, 2), (2, 1, 2), 'CYC']
[(1, 1, 2), (2, 1, 3), 'CYD']
[(1, 1, 2), (2, 2, 2), 'CZC']
[(1, 1, 2), (2, 2, 3), 'CZD']
[(1, 1, 3), (1, 1, 3), 'BYD']
[(1, 1, 3), (1, 1, 4), 'BY-']
[(1, 1, 3), (1, 2, 3), 'BZD']
[(1, 1, 3), (1, 2, 4), 'BZ-']
[(1, 1, 3), (2, 1, 3), 'CYD']
[(1, 1, 3), (2, 1, 4), 'CY-']
[(1, 1, 3), (2, 2, 3), 'CZD']
[(1, 1, 3), (2, 2, 4), 'CZ-']
[(1, 1, 4), (1, 1, 4), 'BY-']
[(1, 1, 4), (1, 1, 5), 'BY-']
[(1, 1, 4), (1, 2, 4), 'BZ-']
[(1, 1, 4), (1, 2, 5), 'BZ-']
[(1, 1, 4), (2, 1, 4), 'CY-']
[(1, 1, 4), (2, 1, 5), 'CY-']
[(1, 1, 4), (2, 2, 4), 'CZ-']
[(1, 1, 4), (2, 2, 5), 'CZ-']
[(1, 2, 0), (1, 2, 0), 'BZA']
[(1, 2, 0), (1, 2, 1), 'BZB']
[(1, 2, 0), (1, 3, 0), 'B-A']
[(1, 2, 0), (1, 3, 1), 'B-B']
[(1, 2, 0), (2, 2, 0), 'CZA']
[(1, 2, 0), (2, 2, 1), 'CZB']
[(1, 2, 0), (2, 3, 0), 'C-A']
[(1, 2, 0), (2, 3, 1), 'C-B']
[(1, 2, 1), (1, 2, 1), 'BZB']
[(1, 2, 1), (1, 2, 2), 'BZC']
[(1, 2, 1), (1, 3, 1), 'B-B']
[(1, 2, 1), (1, 3, 2), 'B-C']
[(1, 2, 1), (2, 2, 1), 'CZB']
[(1, 2, 1), (2, 2, 2), 'CZC']
[(1, 2, 1), (2, 3, 1), 'C-B']
[(1, 2, 1), (2, 3, 2), 'C-C']
[(1, 2, 2), (1, 2, 2), 'BZC']
[(1, 2, 2), (1, 2, 3), 'BZD']
[(1, 2, 2), (1, 3, 2), 'B-C']
[(1, 2, 2), (1, 3, 3), 'B-D']
[(1, 2, 2), (2, 2, 2), 'CZC']
[(1, 2, 2), (2, 2, 3), 'CZD']
[(1, 2, 2), (2, 3, 2), 'C-C']
[(1, 2, 2), (2, 3, 3), 'C-D']
[(1, 2, 3), (1, 2, 3), 'BZD']
[(1, 2, 3), (1, 2, 4), 'BZ-']
[(1, 2, 3), (1, 3, 3), 'B-D']
[(1, 2, 3), (1, 3, 4), 'B--']
[(1, 2, 3), (2, 2, 3), 'CZD']
[(1, 2, 3), (2, 2, 4), 'CZ-']
[(1, 2, 3), (2, 3, 3), 'C-D']
[(1, 2, 3), (2, 3, 4), 'C--']
[(1, 2, 4), (1, 2, 4), 'BZ-']
[(1, 2, 4), (1, 2, 5), 'BZ-']
[(1, 2, 4), (1, 3, 4), 'B--']
[(1, 2, 4), (1, 3, 5), 'B--']
[(1, 2, 4), (2, 2, 4), 'CZ-']
[(1, 2, 4), (2, 2, 5), 'CZ-']
[(1, 2, 4), (2, 3, 4), 'C--']
[(1, 2, 4), (2, 3, 5), 'C--']
[(1, 3, 0), (1, 3, 0), 'B-A']
[(1, 3, 0), (1, 3, 1), 'B-B']
[(1, 3, 0), (1, 4, 0), 'B-A']
[(1, 3, 0), (1, 4, 1), 'B-B']
[(1, 3, 0), (2, 3, 0), 'C-A']
[(1, 3, 0), (2, 3, 1), 'C-B']
[(1, 3, 0), (2, 4, 0), 'C-A']
[(1, 3, 0), (2, 4, 1), 'C-B']
[(1, 3, 1), (1, 3, 1), 'B-B']
[(1, 3, 1), (1, 3, 2), 'B-C']
[(1, 3, 1), (1, 4, 1), 'B-B']
[(1, 3, 1), (1, 4, 2), 'B-C']
[(1, 3, 1), (2, 3, 1), 'C-B']
[(1, 3, 1), (2, 3, 2), 'C-C']
[(1, 3, 1), (2, 4, 1), 'C-B']
[(1, 3, 1), (2, 4, 2), 'C-C']
[(1, 3, 2), (1, 3, 2), 'B-C']
[(1, 3, 2), (1, 3, 3), 'B-D']
[(1, 3, 2), (1, 4, 2), 'B-C']
[(1, 3, 2), (1, 4, 3), 'B-D']
[(1, 3, 2), (2, 3, 2), 'C-C']
[(1, 3, 2), (2, 3, 3), 'C-D']
[(1, 3, 2), (2, 4, 2), 'C-C']
[(1, 3, 2), (2, 4, 3), 'C-D']
[(1, 3, 3), (1, 3, 3), 'B-D']
[(1, 3, 3), (1, 3, 4), 'B--']
[(1, 3, 3), (1, 4, 3), 'B-D']
[(1, 3, 3), (1, 4, 4), 'B--']
[(1, 3, 3), (2, 3, 3), 'C-D']
[(1, 3, 3), (2, 3, 4), 'C--']
[(1, 3, 3), (2, 4, 3), 'C-D']
[(1, 3, 3), (2, 4, 4), 'C--']
[(1, 3, 4), (1, 3, 4), 'B--']
[(1, 3, 4), (1, 3, 5), 'B--']
[(1, 3, 4), (1, 4, 4), 'B--']
[(1, 3, 4), (1, 4, 5), 'B--']
[(1, 3, 4), (2, 3, 4), 'C--']
[(1, 3, 4), (2, 3, 5), 'C--']
[(1, 3, 4), (2, 4, 4), 'C--']
[(1, 3, 4), (2, 4, 5), 'C--']
[(2, 0, 0), (2, 0, 0), 'CXA']
[(2, 0, 0), (2, 0, 1), 'CXB']
[(2, 0, 0), (2, 1, 0), 'CYA']
[(2, 0, 0), (2, 1, 1), 'CYB']
[(2, 0, 0), (3, 0, 0), '-XA']
[(2, 0, 0), (3, 0, 1), '-XB']
[(2, 0, 0), (3, 1, 0), '-YA']
[(2, 0, 0), (3, 1, 1), '-YB']
[(2, 0, 1), (2, 0, 1), 'CXB']
[(2, 0, 1), (2, 0, 2), 'CXC']
[(2, 0, 1), (2, 1, 1), 'CYB']
[(2, 0, 1), (2, 1, 2), 'CYC']
[(2, 0, 1), (3, 0, 1), '-XB']
[(2, 0, 1), (3, 0, 2), '-XC']
[(2, 0, 1), (3, 1, 1), '-YB']
[(2, 0, 1), (3, 1, 2), '-YC']
[(2, 0, 2), (2, 0, 2), 'CXC']
[(2, 0, 2), (2, 0, 3), 'CXD']
[(2, 0, 2), (2, 1, 2), 'CYC']
[(2, 0, 2), (2, 1, 3), 'CYD']
[(2, 0, 2), (3, 0, 2), '-XC']
[(2, 0, 2), (3, 0, 3), '-XD']
[(2, 0, 2), (3, 1, 2), '-YC']
[(2, 0, 2), (3, 1, 3), '-YD']
[(2, 0, 3), (2, 0, 3), 'CXD']
[(2, 0, 3), (2, 0, 4), 'CX-']
[(2, 0, 3), (2, 1, 3), 'CYD']
[(2, 0, 3), (2, 1, 4), 'CY-']
[(2, 0, 3), (3, 0, 3), '-XD']
[(2, 0, 3), (3, 0, 4), '-X-']
[(2, 0, 3), (3, 1, 3), '-YD']
[(2, 0, 3), (3, 1, 4), '-Y-']
[(2, 0, 4), (2, 0, 4), 'CX-']
[(2, 0, 4), (2, 0, 5), 'CX-']
[(2, 0, 4), (2, 1, 4), 'CY-']
[(2, 0, 4), (2, 1, 5), 'CY-']
[(2, 0, 4), (3, 0, 4), '-X-']
[(2, 0, 4), (3, 0, 5), '-X-']
[(2, 0, 4), (3, 1, 4), '-Y-']
[(2, 0, 4), (3, 1, 5), '-Y-']
[(2, 1, 0), (2, 1, 0), 'CYA']
[(2, 1, 0), (2, 1, 1), 'CYB']
[(2, 1, 0), (2, 2, 0), 'CZA']
[(2, 1, 0), (2, 2, 1), 'CZB']
[(2, 1, 0), (3, 1, 0), '-YA']
[(2, 1, 0), (3, 1, 1), '-YB']
[(2, 1, 0), (3, 2, 0), '-ZA']
[(2, 1, 0), (3, 2, 1), '-ZB']
[(2, 1, 1), (2, 1, 1), 'CYB']
[(2, 1, 1), (2, 1, 2), 'CYC']
[(2, 1, 1), (2, 2, 1), 'CZB']
[(2, 1, 1), (2, 2, 2), 'CZC']
[(2, 1, 1), (3, 1, 1), '-YB']
[(2, 1, 1), (3, 1, 2), '-YC']
[(2, 1, 1), (3, 2, 1), '-ZB']
[(2, 1, 1), (3, 2, 2), '-ZC']
[(2, 1, 2), (2, 1, 2), 'CYC']
[(2, 1, 2), (2, 1, 3), 'CYD']
[(2, 1, 2), (2, 2, 2), 'CZC']
[(2, 1, 2), (2, 2, 3), 'CZD']
[(2, 1, 2), (3, 1, 2), '-YC']
[(2, 1, 2), (3, 1, 3), '-YD']
[(2, 1, 2), (3, 2, 2), '-ZC']
[(2, 1, 2), (3, 2, 3), '-ZD']
[(2, 1, 3), (2, 1, 3), 'CYD']
[(2, 1, 3), (2, 1, 4), 'CY-']
[(2, 1, 3), (2, 2, 3), 'CZD']
[(2, 1, 3), (2, 2, 4), 'CZ-']
[(2, 1, 3), (3, 1, 3), '-YD']
[(2, 1, 3), (3, 1, 4), '-Y-']
[(2, 1, 3), (3, 2, 3), '-ZD']
[(2, 1, 3), (3, 2, 4), '-Z-']
[(2, 1, 4), (2, 1, 4), 'CY-']
[(2, 1, 4), (2, 1, 5), 'CY-']
[(2, 1, 4), (2, 2, 4), 'CZ-']
[(2, 1, 4), (2, 2, 5), 'CZ-']
[(2, 1, 4), (3, 1, 4), '-Y-']
[(2, 1, 4), (3, 1, 5), '-Y-']
[(2, 1, 4), (3, 2, 4), '-Z-']
[(2, 1, 4), (3, 2, 5), '-Z-']
[(2, 2, 0), (2, 2, 0), 'CZA']
[(2, 2, 0), (2, 2, 1), 'CZB']
[(2, 2, 0), (2, 3, 0), 'C-A']
[(2, 2, 0), (2, 3, 1), 'C-B']
[(2, 2, 0), (3, 2, 0), '-ZA']
[(2, 2, 0), (3, 2, 1), '-ZB']
[(2, 2, 0), (3, 3, 0), '--A']
[(2, 2, 0), (3, 3, 1), '--B']
[(2, 2, 1), (2, 2, 1), 'CZB']
[(2, 2, 1), (2, 2, 2), 'CZC']
[(2, 2, 1), (2, 3, 1), 'C-B']
[(2, 2, 1), (2, 3, 2), 'C-C']
[(2, 2, 1), (3, 2, 1), '-ZB']
[(2, 2, 1), (3, 2, 2), '-ZC']
[(2, 2, 1), (3, 3, 1), '--B']
[(2, 2, 1), (3, 3, 2), '--C']
[(2, 2, 2), (2, 2, 2), 'CZC']
[(2, 2, 2), (2, 2, 3), 'CZD']
[(2, 2, 2), (2, 3, 2), 'C-C']
[(2, 2, 2), (2, 3, 3), 'C-D']
[(2, 2, 2), (3, 2, 2), '-ZC']
[(2, 2, 2), (3, 2, 3), '-ZD']
[(2, 2, 2), (3, 3, 2), '--C']
[(2, 2, 2), (3, 3, 3), '--D']
[(2, 2, 3), (2, 2, 3), 'CZD']
[(2, 2, 3), (2, 2, 4), 'CZ-']
[(2, 2, 3), (2, 3, 3), 'C-D']
[(2, 2, 3), (2, 3, 4), 'C--']
[(2, 2, 3), (3, 2, 3), '-ZD']
[(2, 2, 3), (3, 2, 4), '-Z-']
[(2, 2, 3), (3, 3, 3), '--D']
[(2, 2, 3), (3, 3, 4), '---']
[(2, 2, 4), (2, 2, 4), 'CZ-']
[(2, 2, 4), (2, 2, 5), 'CZ-']
[(2, 2, 4), (2, 3, 4), 'C--']
[(2, 2, 4), (2, 3, 5), 'C--']
[(2, 2, 4), (3, 2, 4), '-Z-']
[(2, 2, 4), (3, 2, 5), '-Z-']
[(2, 2, 4), (3, 3, 4), '---']
[(2, 2, 4), (3, 3, 5), '---']
[(2, 3, 0), (2, 3, 0), 'C-A']
[(2, 3, 0), (2, 3, 1), 'C-B']
[(2, 3, 0), (2, 4, 0), 'C-A']
[(2, 3, 0), (2, 4, 1), 'C-B']
[(2, 3, 0), (3, 3, 0), '--A']
[(2, 3, 0), (3, 3, 1), '--B']
[(2, 3, 0), (3, 4, 0), '--A']
[(2, 3, 0), (3, 4, 1), '--B']
[(2, 3, 1), (2, 3, 1), 'C-B']
[(2, 3, 1), (2, 3, 2), 'C-C']
[(2, 3, 1), (2, 4, 1), 'C-B']
[(2, 3, 1), (2, 4, 2), 'C-C']
[(2, 3, 1), (3, 3, 1), '--B']
[(2, 3, 1), (3, 3, 2), '--C']
[(2, 3, 1), (3, 4, 1), '--B']
[(2, 3, 1), (3, 4, 2), '--C']
[(2, 3, 2), (2, 3, 2), 'C-C']
[(2, 3, 2), (2, 3, 3), 'C-D']
[(2, 3, 2), (2, 4, 2), 'C-C']
[(2, 3, 2), (2, 4, 3), 'C-D']
[(2, 3, 2), (3, 3, 2), '--C']
[(2, 3, 2), (3, 3, 3), '--D']
[(2, 3, 2), (3, 4, 2), '--C']
[(2, 3, 2), (3, 4, 3), '--D']
[(2, 3, 3), (2, 3, 3), 'C-D']
[(2, 3, 3), (2, 3, 4), 'C--']
[(2, 3, 3), (2, 4, 3), 'C-D']
[(2, 3, 3), (2, 4, 4), 'C--']
[(2, 3, 3), (3, 3, 3), '--D']
[(2, 3, 3), (3, 3, 4), '---']
[(2, 3, 3), (3, 4, 3), '--D']
[(2, 3, 3), (3, 4, 4), '---']
[(2, 3, 4), (2, 3, 4), 'C--']
[(2, 3, 4), (2, 3, 5), 'C--']
[(2, 3, 4), (2, 4, 4), 'C--']
[(2, 3, 4), (2, 4, 5), 'C--']
[(2, 3, 4), (3, 3, 4), '---']
[(2, 3, 4), (3, 3, 5), '---']
[(2, 3, 4), (3, 4, 4), '---']
[(2, 3, 4), (3, 4, 5), '---']
[(3, 0, 0), (3, 0, 0), '-XA']
[(3, 0, 0), (3, 0, 1), '-XB']
[(3, 0, 0), (3, 1, 0), '-YA']
[(3, 0, 0), (3, 1, 1), '-YB']
[(3, 0, 0), (4, 0, 0), '-XA']
[(3, 0, 0), (4, 0, 1), '-XB']
[(3, 0, 0), (4, 1, 0), '-YA']
[(3, 0, 0), (4, 1, 1), '-YB']
[(3, 0, 1), (3, 0, 1), '-XB']
[(3, 0, 1), (3, 0, 2), '-XC']
[(3, 0, 1), (3, 1, 1), '-YB']
[(3, 0, 1), (3, 1, 2), '-YC']
[(3, 0, 1), (4, 0, 1), '-XB']
[(3, 0, 1), (4, 0, 2), '-XC']
[(3, 0, 1), (4, 1, 1), '-YB']
[(3, 0, 1), (4, 1, 2), '-YC']
[(3, 0, 2), (3, 0, 2), '-XC']
[(3, 0, 2), (3, 0, 3), '-XD']
[(3, 0, 2), (3, 1, 2), '-YC']
[(3, 0, 2), (3, 1, 3), '-YD']
[(3, 0, 2), (4, 0, 2), '-XC']
[(3, 0, 2), (4, 0, 3), '-XD']
[(3, 0, 2), (4, 1, 2), '-YC']
[(3, 0, 2), (4, 1, 3), '-YD']
[(3, 0, 3), (3, 0, 3), '-XD']
[(3, 0, 3), (3, 0, 4), '-X-']
[(3, 0, 3), (3, 1, 3), '-YD']
[(3, 0, 3), (3, 1, 4), '-Y-']
[(3, 0, 3), (4, 0, 3), '-XD']
[(3, 0, 3), (4, 0, 4), '-X-']
[(3, 0, 3), (4, 1, 3), '-YD']
[(3, 0, 3), (4, 1, 4), '-Y-']
[(3, 0, 4), (3, 0, 4), '-X-']
[(3, 0, 4), (3, 0, 5), '-X-']
[(3, 0, 4), (3, 1, 4), '-Y-']
[(3, 0, 4), (3, 1, 5), '-Y-']
[(3, 0, 4), (4, 0, 4), '-X-']
[(3, 0, 4), (4, 0, 5), '-X-']
[(3, 0, 4), (4, 1, 4), '-Y-']
[(3, 0, 4), (4, 1, 5), '-Y-']
[(3, 1, 0), (3, 1, 0), '-YA']
[(3, 1, 0), (3, 1, 1), '-YB']
[(3, 1, 0), (3, 2, 0), '-ZA']
[(3, 1, 0), (3, 2, 1), '-ZB']
[(3, 1, 0), (4, 1, 0), '-YA']
[(3, 1, 0), (4, 1, 1), '-YB']
[(3, 1, 0), (4, 2, 0), '-ZA']
[(3, 1, 0), (4, 2, 1), '-ZB']
[(3, 1, 1), (3, 1, 1), '-YB']
[(3, 1, 1), (3, 1, 2), '-YC']
[(3, 1, 1), (3, 2, 1), '-ZB']
[(3, 1, 1), (3, 2, 2), '-ZC']
[(3, 1, 1), (4, 1, 1), '-YB']
[(3, 1, 1), (4, 1, 2), '-YC']
[(3, 1, 1), (4, 2, 1), '-ZB']
[(3, 1, 1), (4, 2, 2), '-ZC']
[(3, 1, 2), (3, 1, 2), '-YC']
[(3, 1, 2), (3, 1, 3), '-YD']
[(3, 1, 2), (3, 2, 2), '-ZC']
[(3, 1, 2), (3, 2, 3), '-ZD']
[(3, 1, 2), (4, 1, 2), '-YC']
[(3, 1, 2), (4, 1, 3), '-YD']
[(3, 1, 2), (4, 2, 2), '-ZC']
[(3, 1, 2), (4, 2, 3), '-ZD']
[(3, 1, 3), (3, 1, 3), '-YD']
[(3, 1, 3), (3, 1, 4), '-Y-']
[(3, 1, 3), (3, 2, 3), '-ZD']
[(3, 1, 3), (3, 2, 4), '-Z-']
[(3, 1, 3), (4, 1, 3), '-YD']
[(3, 1, 3), (4, 1, 4), '-Y-']
[(3, 1, 3), (4, 2, 3), '-ZD']
[(3, 1, 3), (4, 2, 4), '-Z-']
[(3, 1, 4), (3, 1, 4), '-Y-']
[(3, 1, 4), (3, 1, 5), '-Y-']
[(3, 1, 4), (3, 2, 4), '-Z-']
[(3, 1, 4), (3, 2, 5), '-Z-']
[(3, 1, 4), (4, 1, 4), '-Y-']
[(3, 1, 4), (4, 1, 5), '-Y-']
[(3, 1, 4), (4, 2, 4), '-Z-']
[(3, 1, 4), (4, 2, 5), '-Z-']
[(3, 2, 0), (3, 2, 0), '-ZA']
[(3, 2, 0), (3, 2, 1), '-ZB']
[(3, 2, 0), (3, 3, 0), '--A']
[(3, 2, 0), (3, 3, 1), '--B']
[(3, 2, 0), (4, 2, 0), '-ZA']
[(3, 2, 0), (4, 2, 1), '-ZB']
[(3, 2, 0), (4, 3, 0), '--A']
[(3, 2, 0), (4, 3, 1), '--B']
[(3, 2, 1), (3, 2, 1), '-ZB']
[(3, 2, 1), (3, 2, 2), '-ZC']
[(3, 2, 1), (3, 3, 1), '--B']
[(3, 2, 1), (3, 3, 2), '--C']
[(3, 2, 1), (4, 2, 1), '-ZB']
[(3, 2, 1), (4, 2, 2), '-ZC']
[(3, 2, 1), (4, 3, 1), '--B']
[(3, 2, 1), (4, 3, 2), '--C']
[(3, 2, 2), (3, 2, 2), '-ZC']
[(3, 2, 2), (3, 2, 3), '-ZD']
[(3, 2, 2), (3, 3, 2), '--C']
[(3, 2, 2), (3, 3, 3), '--D']
[(3, 2, 2), (4, 2, 2), '-ZC']
[(3, 2, 2), (4, 2, 3), '-ZD']
[(3, 2, 2), (4, 3, 2), '--C']
[(3, 2, 2), (4, 3, 3), '--D']
[(3, 2, 3), (3, 2, 3), '-ZD']
[(3, 2, 3), (3, 2, 4), '-Z-']
[(3, 2, 3), (3, 3, 3), '--D']
[(3, 2, 3), (3, 3, 4), '---']
[(3, 2, 3), (4, 2, 3), '-ZD']
[(3, 2, 3), (4, 2, 4), '-Z-']
[(3, 2, 3), (4, 3, 3), '--D']
[(3, 2, 3), (4, 3, 4), '---']
[(3, 2, 4), (3, 2, 4), '-Z-']
[(3, 2, 4), (3, 2, 5), '-Z-']
[(3, 2, 4), (3, 3, 4), '---']
[(3, 2, 4), (3, 3, 5), '---']
[(3, 2, 4), (4, 2, 4), '-Z-']
[(3, 2, 4), (4, 2, 5), '-Z-']
[(3, 2, 4), (4, 3, 4), '---']
[(3, 2, 4), (4, 3, 5), '---']
[(3, 3, 0), (3, 3, 0), '--A']
[(3, 3, 0), (3, 3, 1), '--B']
[(3, 3, 0), (3, 4, 0), '--A']
[(3, 3, 0), (3, 4, 1), '--B']
[(3, 3, 0), (4, 3, 0), '--A']
[(3, 3, 0), (4, 3, 1), '--B']
[(3, 3, 0), (4, 4, 0), '--A']
[(3, 3, 0), (4, 4, 1), '--B']
[(3, 3, 1), (3, 3, 1), '--B']
[(3, 3, 1), (3, 3, 2), '--C']
[(3, 3, 1), (3, 4, 1), '--B']
[(3, 3, 1), (3, 4, 2), '--C']
[(3, 3, 1), (4, 3, 1), '--B']
[(3, 3, 1), (4, 3, 2), '--C']
[(3, 3, 1), (4, 4, 1), '--B']
[(3, 3, 1), (4, 4, 2), '--C']
[(3, 3, 2), (3, 3, 2), '--C']
[(3, 3, 2), (3, 3, 3), '--D']
[(3, 3, 2), (3, 4, 2), '--C']
[(3, 3, 2), (3, 4, 3), '--D']
[(3, 3, 2), (4, 3, 2), '--C']
[(3, 3, 2), (4, 3, 3), '--D']
[(3, 3, 2), (4, 4, 2), '--C']
[(3, 3, 2), (4, 4, 3), '--D']
[(3, 3, 3), (3, 3, 3), '--D']
[(3, 3, 3), (3, 3, 4), '---']
[(3, 3, 3), (3, 4, 3), '--D']
[(3, 3, 3), (3, 4, 4), '---']
[(3, 3, 3), (4, 3, 3), '--D']
[(3, 3, 3), (4, 3, 4), '---']
[(3, 3, 3), (4, 4, 3), '--D']
[(3, 3, 3), (4, 4, 4), '---']
[(3, 3, 4), (3, 3, 4), '---']
[(3, 3, 4), (3, 3, 5), '---']
[(3, 3, 4), (3, 4, 4), '---']
[(3, 3, 4), (3, 4, 5), '---']
[(3, 3, 4), (4, 3, 4), '---']
[(3, 3, 4), (4, 3, 5), '---']
[(3, 3, 4), (4, 4, 4), '---']
[(3, 3, 4), (4, 4, 5), '---']
